42: 42,30,29,30,43,30,29,30 AND 42,0 AND 42,10 AND 42,0
41: 41,11,24,11,14,10,24,10 AND 41,23 AND 41,37 AND 41,33
40: 40,48,12,28,40,9,32,3 AND 40,44 AND 40,28 AND 40,28
38: 38,49,31,12,28,40,49,8 AND 38,40 AND 38,40 AND 38,40
39: 39,16,4,16,4,18,11,14 AND 39,31 AND 39,31 AND 39,24
36: 36,20,19,46,15,20,49,8 AND 36,20 AND 36,38 AND 36,20
37: 37,46,37,1,43,30,29,30 AND 37,41 AND 37,49 AND 37,26
34: 34,29,21,30,43,30,29,30 AND 34,45 AND 34,24 AND 34,0
35: 35,2,35,20,15,20,49,8 AND 35,20 AND 35,2 AND 35,2
32: 32,3,5,16,4,18,11,14 AND 32,26 AND 32,12 AND 32,49
33: 33,12,9,22,31,39,24,10 AND 33,24 AND 33,24 AND 33,24
31: 31,39,47,5,12,6,8,22 AND 31,39 AND 31,49 AND 31,39
30: 30,27,5,16,4,18,11,14 AND 30,21 AND 30,18 AND 30,21
25: 25,24,39,4,39,31,23,49 AND 25,7 AND 25,11 AND 25,46
26: 26,6,21,30,43,30,29,30 AND 26,37 AND 26,37 AND 26,12
27: 27,23,31,12,28,40,49,8 AND 27,28 AND 27,23 AND 27,25
28: 28,27,5,16,4,18,11,14 AND 28,42 AND 28,12 AND 28,42
21: 21,0,42,10,26,23,26,10 AND 21,30 AND 21,6 AND 21,37
22: 22,9,40,48,3,48,40,9 AND 22,31 AND 22,31 AND 22,9
23: 23,49,31,12,28,40,49,8 AND 23,49 AND 23,27 AND 23,26
24: 24,39,47,5,12,6,8,22 AND 24,33 AND 24,39 AND 24,33
29: 29,21,29,30,43,30,29,30 AND 29,42 AND 29,25 AND 29,43
0: 0,16,4,16,4,18,11,14 AND 0,16 AND 0,16 AND 0,11
6: 6,2,35,20,15,20,49,8 AND 6,21 AND 6,12 AND 6,2
5: 5,47,40,48,3,48,40,9 AND 5,27 AND 5,46 AND 5,46
8: 8,17,18,11,14,10,24,10 AND 8,47 AND 8,14 AND 8,6
7: 7,43,1,43,29,18,11,14 AND 7,26 AND 7,49 AND 7,26
2: 2,27,5,16,4,18,11,14 AND 2,35 AND 2,27 AND 2,18
1: 1,43,1,43,29,18,11,14 AND 1,43 AND 1,46 AND 1,43
4: 4,18,4,16,4,18,11,14 AND 4,30 AND 4,30 AND 4,30
3: 3,14,10,24,2,35,2,6 AND 3,32 AND 3,32 AND 3,32
9: 9,22,31,12,28,40,49,8 AND 9,13 AND 9,12 AND 9,6
19: 19,46,37,1,43,30,29,30 AND 19,20 AND 19,46 AND 19,46
18: 18,30,29,30,43,30,29,30 AND 18,2 AND 18,2 AND 18,27
15: 15,43,1,43,29,18,11,14 AND 15,8 AND 15,46 AND 15,43
14: 14,27,5,16,4,18,11,14 AND 14,3 AND 14,37 AND 14,10
17: 17,47,40,48,3,48,40,9 AND 17,8 AND 17,8 AND 17,18
16: 16,15,46,1,43,30,29,30 AND 16,4 AND 16,5 AND 16,43
11: 11,29,21,30,43,30,29,30 AND 11,25 AND 11,29 AND 11,24
10: 10,26,23,27,2,35,2,6 AND 10,26 AND 10,42 AND 10,24
13: 13,5,20,5,12,6,8,22 AND 13,11 AND 13,9 AND 13,9
12: 12,31,22,31,39,31,23,49 AND 12,6 AND 12,5 AND 12,43
43: 43,1,46,1,43,30,29,30 AND 43,30 AND 43,39 AND 43,16
44: 44,40,47,5,12,6,8,22 AND 44,38 AND 44,40 AND 44,38
45: 45,15,46,1,43,30,29,30 AND 45,34 AND 45,7 AND 45,37
20: 20,27,5,16,4,18,11,14 AND 20,49 AND 20,5 AND 20,19
46: 46,37,21,30,43,30,29,30 AND 46,19 AND 46,6 AND 46,37
47: 47,17,18,11,14,10,24,10 AND 47,39 AND 47,5 AND 47,40
48: 48,12,9,22,31,39,24,10 AND 48,12 AND 48,12 AND 48,49
49: 49,8,45,15,46,1,6,12 AND 49,37 AND 49,37 AND 49,23
